50
8
2 1 9 3 4 4 5 6
2
1 1
3
1 2 3
3
1 3 2
3
2 1 3
3
2 3 1
3
3 1 2
3
3 2 1
1
1
10
1 2 3 4 4 4 5 6 7 8
12
2 1 5 6 2 -1 4 5 10 7 8 9
100
888873 888873 888873 888873 888873 888873 888873 888873 888873 888873 888873 888873 888873 888873 888873 888873 888873 888873 888873 888873 888873 888873 888873 888873 888873 888873 888873 888873 888873 888873 888873 888873 888873 888873 888873 888873 888873 888873 888873 888873 888873 888873 888873 888873 888873 888873 888873 888873 888873 888873 888873 888873 888873 888873 888873 888873 888873 888873 888873 888873 888873 888873 888873 888873 888873 888873 888873 888873 888873 888873 888873 888873 888873 888873 888873 888873 888873 888873 888873 888873 888873 888873 888873 888873 888873 888873 888873 888873 888873 888873 888873 888873 888873 888873 888873 888873 888873 888873 888873 888873
100
888873 888873 888873 888873 888873 888873 888873 888873 888873 888873 888873 888873 888873 888873 888873 888873 888873 888873 888873 888873 888873 888873 888873 888873 888873 888873 888873 888873 888873 888873 888873 888873 888873 888873 888873 888873 888873 888873 888873 888873 888873 888873 888873 888873 888873 888873 888873 888873 888873 888873 888873 888873 888873 888873 888873 888873 888873 888873 888873 888873 888873 888873 888873 888873 888873 888873 888873 888873 888873 888873 888873 888873 888873 888873 888873 888873 888873 888873 888873 888873 888873 888873 888873 888873 888873 888873 888873 888873 888873 888873 888873 888873 888873 888873 888873 888873 888873 888873 888873 888874
100
-350 -343 -336 -329 -322 -315 -308 -301 -294 -287 -280 -273 -266 -259 -252 -245 -238 -231 -224 -217 -210 -203 -196 -189 -182 -175 -168 -161 -154 -147 -140 -133 -126 -119 -112 -105 -98 -91 -84 -77 -70 -63 -56 -49 -42 -35 -28 -21 -14 -7 0 7 14 21 28 35 42 49 56 63 70 77 84 91 98 105 112 119 126 133 140 147 154 161 168 175 182 189 196 203 210 217 224 231 238 245 252 259 266 273 280 287 294 301 308 315 322 329 336 343
100
637 624 611 598 585 572 559 546 533 520 507 494 481 468 455 442 429 416 403 390 377 364 351 338 325 312 299 286 273 260 247 234 221 208 195 182 169 156 143 130 117 104 91 78 65 52 39 26 13 0 -13 -26 -39 -52 -65 -78 -91 -104 -117 -130 -143 -156 -169 -182 -195 -208 -221 -234 -247 -260 -273 -286 -299 -312 -325 -338 -351 -364 -377 -390 -403 -416 -429 -442 -455 -468 -481 -494 -507 -520 -533 -546 -559 -572 -585 -598 -611 -624 -637 -650
100
0 1 2 0 0 0 0 0 0 0 0 0 0 0 0 0 0 0 0 0 0 0 0 0 0 0 0 0 0 0 0 0 0 0 0 0 0 0 0 0 0 0 0 0 0 0 0 0 0 0 0 0 0 0 0 0 0 0 0 0 0 0 0 0 0 0 0 0 0 0 0 0 0 0 0 0 0 0 0 0 0 0 0 0 0 0 0 0 0 0 0 0 0 0 0 0 0 0 3 4
100
-998839 -996868 -993312 -989386 -973596 -973585 -973349 -945396 -927895 -924418 -916280 -905478 -899075 -898390 -896374 -888466 -869340 -869168 -859510 -822673 -821052 -817472 -816575 -813268 -800848 -778214 -772988 -739740 -733980 -727766 -725700 -712061 -711058 -707002 -704713 -700646 -686569 -684208 -671284 -651565 -643336 -640186 -635071 -617414 -607918 -605275 -598379 -588683 -578040 -575719 -573936 -531589 -529849 -500504 -448400 -446436 -379201 -363970 -347854 -345634 -294435 -280750 -250888 -227635 -219764 -207018 -169852 -167700 -153454 -99565 -59096 25429 51974 53558 60875 117138 127575 153851 179234 200906 205915 218933 316379 377159 414360 448612 461337 503450 539522 604880 604975 633525 721610 771986 803535 817847 904135 906788 932604 950210
100
-996650 -992696 -992425 -989002 -982573 -955585 -934541 -933725 -916196 -902049 -900111 -899844 -888099 -876250 -870952 -802608 -801648 -801021 -798634 -787447 -782618 -780097 -774118 -772003 -769423 -729202 -707590 -683488 -679295 -664515 -663081 -660999 -635233 -599809 -596296 -575884 -566740 -560870 -554349 -554192 -534164 -529189 -521464 -501336 -484817 -473209 -471223 -468726 -443965 -435862 -433230 -391145 -389416 -357800 -352686 -352008 -302517 -271360 -260800 -243475 -233718 -228849 -150115 -135640 -127926 -113384 -111190 -108078 -104377 -84512 -68226 -66430 -63139 -40600 -19560 19334 43550 46385 50700 83931 90777 170876 172717 196448 209618 307124 460316 462136 530459 542240 553004 588281 605471 677694 706536 716960 773540 913760 933920 981116
100
973451 964902 857846 805425 802752 787256 779254 750316 741197 679799 573656 523163 503504 469158 385748 378450 362900 353725 309121 296065 264265 252230 212024 193956 114155 69671 53462 28539 24338 -21772 -22400 -23986 -109915 -126716 -136258 -165169 -168715 -230746 -254210 -289618 -295306 -314854 -323422 -340050 -341265 -366736 -390631 -390880 -393856 -400843 -416486 -446120 -467661 -471419 -487328 -493083 -502795 -557824 -567316 -585040 -587085 -587640 -603825 -611046 -616060 -622756 -643825 -663929 -678224 -682368 -693265 -738807 -750385 -754664 -785943 -796060 -800626 -804931 -806285 -811384 -818042 -830665 -851006 -853868 -870238 -887733 -889260 -912692 -915850 -923437 -933448 -949504 -962600 -965539 -967501 -968179 -988178 -988786 -993968 -996892
100
-998839 -707002 -169852 -996868 -704713 -167700 -993312 -700646 -153454 -989386 -686569 -99565 -973596 -684208 -59096 -973585 -671284 25429 -973349 -651565 51974 -945396 -643336 53558 -927895 -640186 60875 -924418 -635071 117138 -916280 -617414 127575 -905478 -607918 153851 -899075 -605275 179234 -898390 -598379 200906 -896374 -588683 205915 -888466 -578040 218933 -869340 -575719 316379 -869168 -573936 377159 -859510 -531589 414360 -822673 -529849 448612 -821052 -500504 461337 -817472 -448400 503450 -816575 -446436 539522 -813268 -379201 604880 -800848 -363970 604975 -778214 -347854 633525 -772988 -345634 721610 -739740 -294435 771986 -733980 -280750 803535 -727766 -250888 817847 -725700 -227635 904135 -712061 -219764 906788 -711058 -207018 932604 -707002
100
-111190 -599809 -996650 -108078 -596296 -992696 -104377 -575884 -992425 -84512 -566740 -989002 -68226 -560870 -982573 -66430 -554349 -955585 -63139 -554192 -934541 -40600 -534164 -933725 -19560 -529189 -916196 19334 -521464 -902049 43550 -501336 -900111 46385 -484817 -899844 50700 -473209 -888099 83931 -471223 -876250 90777 -468726 -870952 170876 -443965 -802608 172717 -435862 -801648 196448 -433230 -801021 209618 -391145 -798634 307124 -389416 -787447 460316 -357800 -782618 462136 -352686 -780097 530459 -352008 -774118 542240 -302517 -772003 553004 -271360 -769423 588281 -260800 -729202 605471 -243475 -707590 677694 -233718 -683488 706536 -228849 -679295 716960 -150115 -664515 773540 -135640 -663081 913760 -127926 -660999 933920 -113384 -635233 981116
100
231 242 253 264 275 286 297 308 319 330 341 352 363 374 385 396 407 418 429 440 451 462 473 484 495 506 517 528 539 -550 -539 -528 -517 -506 -495 -484 -473 -462 -451 -440 -429 -418 -407 -396 -385 -374 -363 -352 -341 -330 -319 -308 -297 -286 -275 -264 -253 -242 -231 -220 -209 -198 -187 -176 -165 -154 -143 -132 -121 -110 -99 -88 -77 -66 -55 -44 -33 -22 -11 0 11 22 33 44 55 66 77 88 99 110 121 132 143 154 165 176 187 198 209 220
100
-242 -231 -220 -209 -198 -187 -176 -165 -154 -143 -132 -121 -110 -99 -88 -77 -66 -55 -44 -33 -22 -11 0 11 22 33 44 55 66 77 88 99 110 121 132 143 154 165 176 187 198 209 220 231 242 253 264 275 286 297 308 319 330 341 352 363 374 385 396 407 418 429 440 451 462 473 484 495 506 517 528 539 -550 -539 -528 -517 -506 -495 -484 -473 -462 -451 -440 -429 -418 -407 -396 -385 -374 -363 -352 -341 -330 -319 -308 -297 -286 -275 -264 -253
100
-399 -418 -437 -456 -475 -494 -513 -532 -551 -570 -589 -608 -627 -646 -665 -684 -703 -722 -741 -760 -779 -798 -817 -836 -855 -874 -893 -912 -931 -950 931 912 893 874 855 836 817 798 779 760 741 722 703 684 665 646 627 608 589 570 551 532 513 494 475 456 437 418 399 380 361 342 323 304 285 266 247 228 209 190 171 152 133 114 95 76 57 38 19 0 -19 -38 -57 -76 -95 -114 -133 -152 -171 -190 -209 -228 -247 -266 -285 -304 -323 -342 -361 -380
100
-247 -266 -285 -304 -323 -342 -361 -380 -399 -418 -437 -456 -475 -494 -513 -532 -551 -570 -589 -608 -627 -646 -665 -684 -703 -722 -741 -760 -779 -798 -817 -836 -855 -874 -893 -912 -931 -950 931 912 893 874 855 836 817 798 779 760 741 722 703 684 665 646 627 608 589 570 551 532 513 494 475 456 437 418 399 380 361 342 323 304 285 266 247 228 209 190 171 152 133 114 95 76 57 38 19 0 -19 -38 -57 -76 -95 -114 -133 -152 -171 -190 -209 -228
100
-513836 63700 342528 -287431 396968 -992286 173830 -781880 -439612 -165901 -787789 -31320 -956676 -905959 -834100 -640513 -617732 -446272 -111175 -47500 38800 371312 586030 431080 -544213 -54733 253512 472272 799242 345430 -650408 329400 -683392 -837976 -121600 -278695 -703027 -595453 -357748 -149863 -47265 62760 97010 112190 -729288 398600 603921 265275 -962144 -47674 829520 954990 345931 -681948 20159 -900775 -304162 21049 -574020 -80226 -792436 -604914 -486865 -281992 -248470 202351 218119 359239 -317554 -995270 -983930 -927382 -965308 -869680 -455746 -26392 146208 245660 -387600 426810 -136678 859492 -828539 -996752 -985873 -906847 -877137 -856556 -847120 -840877 -817926 -769700 -709336 -552713 -551314 -264853 -258512 -177934 562784 792750
100
-988590 -988480 -970512 -913708 -813781 -586758 -536104 -516790 -510841 -483604 -385785 -174024 -110176 222239 303120 309632 362897 633374 644650 737954 -903494 -900244 -883780 -860394 -846968 -835327 -831475 -818602 -808386 -715882 -671862 -670378 -319705 279915 281105 296033 310797 412460 986064 -996790 -996370 -996007 -992064 -989824 -987004 -979297 -967695 -946788 -942188 -924106 -920840 -904512 -849080 -843184 -820285 -808224 -766162 -762884 -711058 -705190 -689070 -682980 -680605 -640805 -611928 -605840 -579825 -505184 -425764 -417520 -381770 -295780 -284770 -270394 -269227 -251416 -224354 -221076 -213200 -161140 -128272 -83659 5384 80583 141621 142427 214835 227744 298960 328325 335780 353088 405998 438200 568647 670256 691676 698809 711710 999500
100
-979020 -894858 -793602 -782848 -707320 -650176 -542095 -418249 -146630 31490 44288 193990 417926 -137215 -183490 331044 -485824 -656800 -910969 -393088 91930 -975570 151040 -338665 380336 -983607 -620228 -849142 -811564 -989176 265820 -942846 -971426 -111904 -962752 -832876 466775 33851 -625486 -201108 -975682 -280729 758130 85422 -22592 -858260 -102388 -837951 -280162 -468505 -996114 -992706 -984376 -950400 -925176 -877906 -811099 -782245 -720919 -699808 -668754 -627901 -617832 -615231 -588251 -523208 -495664 -439440 -413449 -378106 -346219 -292980 -241552 -238610 -198649 -164330 -117412 -107575 -54877 -15850 11560 32864 82535 85125 202796 261663 288812 342701 360896 372732 386567 400787 494956 498659 575706 581664 608515 730268 775702 940280
100
-979072 -845020 -814958 -598139 -578270 -550993 108206 339104 824654 882528 -756724 -461281 -402448 -273650 834728 -979382 -889288 -861141 -778935 -739915 -700590 -556606 -296407 -9976 64196 456084 840384 -708352 99080 235820 359306 465472 -958924 -756526 -521392 -316724 -2962 53125 652112 -993145 -972304 -930658 -742716 -724805 -577768 -568170 -57120 66419 67640 169228 224860 489925 780623 783080 -809328 -537873 449920 475444 613040 620039 -951265 -390556 -266960 -201143 -155950 356993 453662 564255 -948457 -722746 -554158 -401408 -140490 -111920 65750 84668 -959888 -741001 -669057 -573700 -560515 -489527 -275411 -162242 397356 -905831 -830938 -802261 -727371 -673128 -640669 -584860 -435710 -386296 -282132 -187453 -64473 391742 777488 846130
100
-948032 -931136 -910732 -889164 -806716 -732784 -418336 -154000 -109120 -44959 67867 81836 152970 466080 -773365 -545060 -12664 -5363 236820 552116 879176 955470 905 -641440 -784788 -169089 -573028 -383472 -980925 -930277 -728960 -705735 -695558 -659800 -355931 -344184 -12640 -5845 36420 461197 43260 -314948 -833865 -743668 -547108 -546155 -431734 -115622 -105379 -27688 583680 941768 -993216 -724552 -949420 -411766 -997312 -981204 -974755 -906496 -874966 -785380 -769568 -570724 -569500 -478147 -242565 83674 787478 164240 -728425 -705452 -506012 -481965 -419992 -277537 36460 94154 234818 516704 775672 228452 -781012 -586426 -983787 -951679 -939200 -927130 -923110 -855093 -792448 -747712 -732348 -592041 -158426 -71660 36431 461096 790096 827540
100
-702820 -50896 628883 687576 793614 870712 -945505 -944386 -925835 -843880 -591441 -463084 -360892 -351982 89165 249204 417710 466784 589796 663175 -844979 -712705 -569973 -288604 -252890 81302 83167 474746 642095 669412 -986760 -974624 -767726 -589319 -496728 -491966 -481641 -421183 -388649 -172096 62339 380392 588626 -928630 -809250 -805127 -737344 -681245 -395517 -320547 -993720 -986050 -977561 -955073 -790292 -778592 -715672 -645680 -469200 -307840 -77434 234630 917108 -999801 -980161 -923855 -903780 -823235 -800965 -527325 -343603 -288110 -279212 -60720 -41608 269033 757286 -984064 -211074 -124804 -11688 215419 261767 401774 422483 531754 603640 619130 -893740 -797128 -769006 -761245 -426647 -333217 -190906 43712 131856 295762 435977 610396
100
431848 409833 286065 -58736 -402338 -508937 -544992 -622152 -758257 -851346 873997 -49206 -468223 -733825 -742109 -782566 -853924 -922894 -582988 758640 707339 -287744 -756964 64637 428728 -880832 785102 -543401 -868800 -421017 704962 64217 -8900 -730555 -756064 -131524 -614970 797208 -899722 828103 -822785 -925795 575576 -677340 13553 -912638 -980200 -883936 -823126 -911089 468890 239741 162952 -438792 -744150 -754231 -758626 -955692 481060 -931973 -7750 -221226 -364279 -512236 -464296 -687648 -201780 -866990 -954416 -730136 674790 342800 145232 -84080 -320294 -346233 -392046 -465360 -616903 -636546 530612 252216 168911 -412350 -431775 -452596 -459784 -616446 -820646 -868168 685346 557864 -58380 -101002 -142884 -368245 -395273 -576805 -832192 -983776
100
888873 888873 888873 888873 888873 888873 888873 888873 888873 888873 888873 888873 888873 888873 888873 888873 888873 888873 888873 888873 888873 888873 888873 888873 888873 888873 888873 888873 888873 888873 888873 888873 888873 888873 888873 888873 888873 888873 888873 888873 888873 888873 888873 888873 888873 888873 888873 888873 888873 888873 888873 888873 888873 888873 888873 888873 888873 888873 888873 888873 888873 888873 -257657 888873 888873 888873 888873 888873 888873 888873 888873 888873 701000 888873 888873 888873 888873 888873 888873 888873 888873 888873 888873 888873 888873 888873 888873 888873 888873 888873 888873 888873 888873 888873 888873 888873 888873 888873 888873 888874
100
-350 -343 -336 -329 73008 -315 -308 -301 -294 -287 -280 -273 -266 -259 -252 -245 -238 -231 -224 -217 -210 -241352 -196 -189 -182 -175 -992656 -161 -154 -147 -934876 -133 -126 -119 -112 -105 -98 -91 -84 -77 -70 -63 -56 -49 -42 -35 -28 -21 -14 -7 0 7 942153 21 28 35 42 -428465 56 63 70 77 84 91 98 105 112 119 126 133 140 147 154 161 168 175 182 189 196 203 210 217 224 231 238 245 252 259 266 273 280 287 294 301 308 315 322 329 336 343
100
-528624 624 -653717 598 585 572 -936455 546 533 520 507 494 481 468 455 442 -385427 416 403 390 377 364 351 338 325 312 299 286 273 260 247 234 221 -228880 195 182 169 156 143 130 117 104 91 78 65 52 -663400 26 13 0 -359800 -825277 -39 -52 -65 -78 -91 -104 -117 -130 -143 61197 -169 -182 -195 -208 -221 -234 -247 -260 -273 -286 -299 -312 -325 -338 -845980 -622860 -377 -390 -403 -416 -429 -442 -316109 -468 -481 -494 -507 -520 -533 -546 -559 -572 -585 99917 496474 -836865 -637 -490880
100
-998839 -996868 -893670 -989386 -973596 -973585 -973349 -945396 -927895 -924418 10857 -905478 -899075 -898390 -896374 -888466 -869340 -869168 -859510 -822673 -821052 -817472 -816575 -813268 -800848 -778214 -752281 170084 -733980 -727766 -725700 -712061 -711058 -707002 -704713 -700646 213245 -684208 -671284 -651565 -643336 -640186 -202308 -617414 -607918 -605275 -598379 -588683 -578040 -575719 -71380 -531589 -529849 -154371 -448400 -185883 -379201 -363970 -347854 -345634 -294435 484385 -250888 -227635 -219764 -207018 -169852 233119 -153454 -99565 -59096 25429 51974 53558 60875 117138 127575 153851 179234 200906 205915 218933 316379 -877540 414360 448612 461337 503450 539522 -981491 604975 633525 721610 771986 803535 817847 904135 906788 -669490 950210
100
-996650 -992696 -992425 -989002 -982573 178445 -934541 -933725 -916196 -902049 -900111 -899844 -888099 -876250 -870952 -802608 -801648 -801021 -798634 -787447 -288255 -780097 -774118 -772003 -769423 -729202 -707590 -683488 -679295 -664515 -663081 -660999 -635233 -599809 -596296 -575884 -566740 -560870 -554349 -554192 -534164 -529189 -521464 -501336 -362296 -473209 -471223 -468726 -996832 -435862 -433230 -391145 -389416 -357800 -352686 -352008 -302517 -271360 -260800 -243475 -233718 -868964 -150115 -135640 -127926 -113384 -111190 -108078 -104377 -84512 -68226 -66430 -63139 -40600 -19560 19334 43550 46385 50700 83931 90777 170876 172717 196448 209618 307124 460316 462136 530459 542240 553004 588281 605471 677694 706536 716960 773540 913760 933920 981116
100
973451 -870850 857846 805425 802752 787256 779254 750316 741197 679799 573656 523163 503504 469158 385748 378450 362900 353725 309121 296065 264265 -588316 212024 193956 114155 69671 53462 28539 24338 -21772 595172 -23986 -109915 -126716 -851575 -165169 -168715 -230746 -254210 -289618 -295306 -314854 -323422 -340050 -341265 -366736 -390631 -390880 -393856 -400843 -416486 -446120 -467661 -471419 -487328 -493083 -502795 -557824 -567316 -585040 -587085 -587640 -603825 -250790 -616060 -622756 -643825 -663929 -678224 -682368 -693265 -738807 -750385 -754664 -785943 -796060 -800626 -804931 -806285 -811384 -818042 -830665 -851006 -853868 -870238 -887733 -889260 -912692 -915850 -923437 -933448 -949504 -962600 -965539 -967501 -968179 -988178 -988786 -993968 -996892
100
-998839 -707002 -169852 -996868 -704713 -167700 -993312 -700646 -153454 -989386 -388670 -99565 -973596 -684208 -59096 -973585 -671284 25429 -973349 -651565 51974 -945396 -643336 53558 -927895 -640186 60875 -924418 -635071 117138 -916280 -617414 127575 -905478 -607918 153851 -899075 -605275 179234 -898390 -598379 200906 -896374 -588683 205915 -888466 -578040 218933 -869340 -575719 316379 -869168 -573936 377159 -859510 -531589 414360 -822673 -529849 448612 -821052 -500504 461337 -817472 -448400 503450 -816575 -446436 539522 -813268 -379201 604880 -800848 -363970 604975 -778214 -347854 -685147 -772988 -345634 721610 -739740 -294435 771986 -733980 -280750 803535 -727766 -250888 817847 -725700 -227635 904135 -712061 -219764 906788 -711058 -207018 932604 -707002
100
-111190 -599809 -996650 -108078 -596296 -992696 -104377 -575884 -992425 -84512 -566740 -989002 -68226 -560870 -982573 -66430 -554349 -955585 -479392 -554192 -934541 -40600 -534164 -933725 -19560 -529189 -916196 19334 -521464 -902049 43550 -501336 -900111 46385 -484817 -899844 50700 -473209 -888099 83931 -471223 -876250 90777 -468726 -870952 -850660 -443965 -802608 172717 -435862 -801648 196448 -433230 -801021 209618 -812624 -798634 307124 -389416 -787447 -436413 -357800 -782618 462136 -352686 -780097 -356680 -352008 -774118 542240 -302517 -772003 553004 -271360 -769423 588281 -260800 -729202 605471 -243475 -707590 677694 -233718 737652 706536 -228849 -679295 716960 -150115 -664515 773540 -135640 -663081 913760 -132727 -660999 933920 -113384 -635233 981116
100
231 242 253 264 275 -908230 297 308 3219 330 341 352 363 374 385 396 407 418 429 440 -401488 462 473 484 495 -953424 517 528 -332641 -550 -539 -528 -517 -506 -495 -484 -473 -736750 -451 -440 -429 -418 -407 -693065 -756928 -374 -872776 -352 -341 -330 -319 -308 -297 -286 -275 -264 -253 -242 -985664 -220 -209 -164441 -187 -176 -165 -828412 -143 -132 -121 198080 -99 -88 -618697 -66 -55 -44 -33 -22 -11 0 11 22 33 44 55 66 77 88 99 110 -909364 -288501 -940437 154 -383692 347612 187 198 209 220
100
-399 -418 -437 -456 -475 -494 -513 -232705 -551 993747 -589 -608 -627 -646 -665 -684 -703 -722 -741 -760 -779 -798 -817 -836 -855 -874 -893 -912 -931 -950 931 912 893 874 855 836 817 798 779 760 741 722 703 684 -929743 646 627 608 589 570 551 532 513 494 475 456 437 418 399 380 361 342 323 304 285 945769 247 228 209 190 171 152 133 114 95 76 57 38 19 0 -19 -38 -57 -76 -95 -114 -133 -152 -171 -190 -209 -228 -247 -266 -285 -304 -323 -342 275630 -380
100
-513836 63700 342528 -287431 396968 -992286 173830 -781880 -439612 -165901 -787789 -31320 -956676 -905959 -834100 -640513 -617732 -446272 -111175 -47500 38800 371312 586030 431080 -544213 -730414 253512 472272 60126 345430 -650408 329400 -683392 -837976 -759376 485663 689354 -595453 -357748 -149863 -47265 62760 97010 112190 -729288 398600 603921 265275 -962144 -47674 -77498 954990 345931 -681948 20159 -344128 -304162 901280 -574020 -80226 -792436 -604914 -486865 -281992 -248470 202351 218119 359239 -317554 -995270 -983930 -927382 -965308 -869680 -455746 -850795 146208 245660 -387600 426810 -136678 859492 -828539 -996752 -985873 -906847 -877137 674109 -21682 -840877 -817926 -769700 -948776 -539340 -551314 -264853 -258512 666357 562784 792750
100
-988590 -988480 -970512 -913708 -813781 -586758 -776266 -516790 -510841 -483604 -385785 -174024 -110176 441223 303120 309632 362897 633374 644650 -372321 -903494 -900244 -883780 -860394 -846968 -835327 -831475 -818602 -808386 -715882 -671862 -670378 -319705 279915 281105 296033 310797 365840 986064 -996790 -996370 -996007 -992064 -989824 -987004 -979297 -584002 -946788 -942188 -924106 -920840 -904512 -849080 -843184 -820285 -808224 -766162 -762884 -711058 -705190 -689070 -682980 -680605 -640805 -611928 -605840 -579825 -505184 -425764 -417520 -381770 -295780 -284770 -270394 -269227 -251416 -224354 -390016 -213200 -161140 -128272 -83659 -888110 80583 141621 142427 214835 227744 298960 328325 335780 353088 -262845 -776742 568647 -319762 691676 698809 711710 999500
100
-979020 -894858 -793602 -782848 -69760 618178 -542095 -418249 -146630 31490 44288 193990 417926 -137215 -183490 331044 -485824 -656800 -905040 -393088 91930 -975570 151040 -338665 380336 -983607 -620228 -849142 -811564 -881248 265820 -942846 319032 -111904 -962752 287954 466775 267908 -625486 -201108 -975682 -280729 -683605 85422 -22592 206480 -6672 -837951 -280162 -468505 -996114 -71647 -984376 -950400 -936650 -877906 -811099 -782245 -720919 -699808 -668754 -627901 -48714 -615231 -588251 -523208 -495664 -439440 -413449 -378106 -346219 281819 -241552 -238610 -198649 -164330 -117412 -107575 -54877 -15850 11560 32864 82535 85125 202796 -921782 288812 342701 360896 372732 386567 400787 494956 700272 575706 581664 544384 730268 775702 940280
100
-964776 -845020 -814958 -598139 -578270 -550993 108206 339104 50560 882528 -756724 -461281 -402448 -273650 834728 -979382 -889288 -861141 -778935 -739915 -700590 -556606 -46939 -9976 64196 456084 840384 -708352 -859464 235820 359306 465472 -958924 -756526 -521392 -389390 -2962 53125 652112 -993145 -972304 -930658 -742716 -724805 -577768 -568170 -507212 66419 67640 169228 224860 489925 780623 783080 -809328 -736075 449920 475444 613040 620039 -951265 -390556 -266960 -201143 -155950 356993 453662 564255 -948457 -722746 -554158 -401408 -140490 -111920 65750 84668 -959888 -741001 -669057 -573700 -560515 -489527 -275411 -162242 397356 -546430 -830938 -802261 -727371 -673128 62058 -584860 -27268 -386296 -282132 -187453 -64473 391742 777488 846130
100
-948032 -931136 -910732 -889164 -806716 -732784 701282 -154000 -109120 -965014 67867 81836 152970 466080 -773365 779000 -12664 -5363 236820 552116 -707521 955470 700633 -641440 -784788 -169089 -573028 -383472 -980925 -930277 -728960 -705735 -695558 -659800 -355931 -344184 -778610 -5845 36420 461197 43260 -314948 -833865 -743668 -547108 -546155 -431734 -115622 -589688 -27688 583680 941768 -993216 -724552 -949420 -411766 -997312 -981204 -974755 -906496 -874966 -785380 -769568 -570724 -569500 -478147 403836 83674 -923224 164240 -728425 -705452 -506012 -481965 457078 -820170 36460 94154 234818 516704 775672 -725500 -781012 -586426 -983787 -951679 -939200 -927130 -923110 -855093 -792448 669263 -732348 -592041 -158426 -71660 36431 461096 790096 827540
100
-702820 972238 628883 -533956 793614 870712 -945505 -944386 -925835 -843880 -591441 -463084 -360892 -351982 89165 249204 -970420 466784 -62201 663175 -844979 -712705 -569973 -288604 -252890 81302 83167 474746 642095 669412 -986760 -974624 -767726 -589319 -496728 491120 -481641 -421183 -388649 -172096 62339 380392 588626 -928630 -809250 -805127 -737344 -681245 -395517 -320547 -993720 417680 -977561 -955073 -790292 -778592 -715672 681547 -469200 -307840 -150970 234630 917108 -999801 -980161 -923855 -903780 -823235 -800965 -527325 -343603 -288110 -567561 -60720 -41608 269033 757286 -984064 -211074 -124804 -11688 215419 261767 401774 -85963 531754 603640 619130 -893740 -797128 -769006 -761245 -426647 -333217 354472 43712 131856 295762 435977 610396
100
431848 409833 286065 -58736 -402338 -508937 -544992 -622152 -758257 -851346 873997 -478143 -468223 -733825 -742109 -738802 -91733 -922894 -582988 758640 421511 -287744 -756964 64637 428728 -880832 785102 -991750 -868800 -421017 704962 64217 -8900 -730555 -756064 55466 -614970 -546844 -899722 828103 -822785 -925795 575576 -167311 13553 -912638 -980200 -883936 -823126 -911089 -729160 239741 162952 -438792 -829246 -754231 -758626 -955692 225730 -931973 -7750 -896347 -364279 -512236 -464296 -687648 -201780 -866990 -954416 -730136 674790 441796 145232 -84080 -320294 -346233 -392046 -465360 -616903 -636546 530612 30270 168911 -412350 -431775 -452596 -459784 -616446 -820646 -868168 685346 557864 -58380 249875 -142884 -368245 -395273 -258460 -832192 -983776
100
77167 817376 -430804 322511 -810360 448655 -276760 -176800 -493546 -954200 -583654 308732 -930382 -854097 -920404 504428 -334745 -762884 -926293 -434283 -836592 77150 29750 28127 -777624 -791041 -578546 -242820 -420115 -854275 -573184 652172 677795 -714025 -671665 -456258 -657164 279191 -810720 315074 -409848 -647488 -816982 168125 -369105 712304 -213931 -941903 -970936 -261630 -819041 -297733 -977730 -887104 390546 -656430 36268 -867280 60969 60928 -41200 -982855 169385 -983876 22310 -73000 -946617 305096 151151 -750036 95569 -192857 -682760 -598052 147296 -284050 -230704 -874363 -42704 -876739 50413 -60172 -96688 -833521 -275392 -750745 -984664 -367445 -649900 -561820 -533776 -835638 -207144 -900571 -398940 -460032 -945100 164240 -249073 408911
